Block = 0
	Side = 1
		Segment =   0  20   2 1   0   1
		  0   0   0   1.000000e+000   0.000000e+000   0.000000e+000
	Side = 2
		Segment =   0  60   0 1   0   1
		  0   0   0   0.000000e+000   0.000000e+000   0.000000e+000
	Side = 3
		Segment =   0  20   3 1   0   1
		  0   0   0   0.000000e+000   0.000000e+000   0.000000e+000
	Side = 4
		Segment =   0  60   0 1   0   1
		  0   0   0   0.000000e+000   0.000000e+000   0.000000e+000
