Block = 0
	Side = 1
		Segment =   0  40  10 1   0   1
		  0   0   0   0   3   0   0.000000e+000   0.000000e+000 1 1
	Side = 2
		Segment =   0  40   2 1   0   1
		  0   0   0   1.000000e+000   0.000000e+000   0.000000e+000
		Segment =  40 120   3 1   1   2
		  0   0   0   0.000000e+000   0.000000e+000   0.000000e+000
		Segment = 120 160   2 1   2   3
		  0   0   0   1.000000e+000   0.000000e+000   0.000000e+000
	Side = 3
		Segment =   0  40  10 1   0   1
		  0   0   0   0   1   0   0.000000e+000   0.000000e+000 1 1
	Side = 4
		Segment =   0 160   0 1   0   2
		  0   0   0   0.000000e+000   0.000000e+000   0.000000e+000
